epochs:500
windows:10
learning_rate:0.001
objective_function:Sharpe
weights_init_scheme:Ones
theta:[1.03622943 0.99687284 1.03711776 0.92438566 1.03539338 0.99316354
 1.03598833 0.92751509 1.03517127 0.99011251 1.03546365 0.93414098
 1.03436047 0.98701392 1.03474774 0.92946756 1.03401945 0.98439064
 1.03428155 0.93814397 1.03373863 0.98223082 1.03393878 0.93679572
 1.03403675 0.98104688 1.03402345 0.9485636  1.03430691 0.98061258
 1.03423193 0.95708294 1.03476672 0.98096325 1.03460824 0.95619662
 1.03450008 0.98118691 1.03455576 0.94650584 1.03413552 0.98120903
 1.03429501 0.94629221 1.04853377]


epochs:500 
windows:10 
learning_rate:0.001 
objective_function:Sharpe 
weights_init_scheme:Xavier 
theta:[-0.51278249 -0.35945914 -0.41353113  0.07244481 -0.18920464  0.22492043
 -0.00923922 -0.02306247 -0.09669933  0.03774089 -0.22609402  0.01113256
 -0.09805748 -0.00331282 -0.16215819 -0.02532744 -0.12079795 -0.06801287
 -0.65015898  0.03231477 -0.28428577 -0.01728165 -0.54371758  0.00254069
 -0.23106477 -0.24490072 -0.19844611  0.04653185 -0.38167476  0.15336455
 -0.01891892 -0.02331049 -0.22706791  0.100443   -0.20579746  0.03112075
 -0.02859652  0.00581538 -0.26073333  0.02680879  0.24983921 -0.15232228
  0.11524415 -0.03068148  0.15132163]

